100206
100307
101915
103818
104416
105115
105620
105923
106016
107018
107725
108323
109325
111413
111716
112314
112516
113619
113821
114116
115017
115320
115724
118124
118528
119025
119732
120010
121416
121820
122418
122822
123117
123521
123824
123925
124624
124826
125424
126426
127731
127832
128026
128127
128632
128935
129331
130518
130619
130821
130922
132017
133019
133928
134021
134223
135225
135629
135932
136126
136833
137229
137431
137532
137633
139435
139637
140319
140420
141422
142828
143224
143325
144125
144731
145127
145834
146129
146533
146937
148335
149539
149842
151021
151425
153227
155231
155938
156334
156435
157336
157437
158035
159239
160729
160830
161630
162026
162228
163129
164030
165638
167036
167238
168139
169444
169747
170934
171330
171431
171734
172332
172433
173334
173435
173940
175136
175237
175338
175439
175540
176441
176845
177140
177746
178243
178748
180432
180735
180836
181232
182739
185341
185947
186040
186444
187143
187345
187547
188145
188347
189652
190132
191033
192540
192641
192843
194140
194645
195041
196144
196952
197651
199453
200311
200614
201414
201818
202719
203418
204016
204622
205826
208125
209531
210415
211114
211316
212217
213522
217429
228434
239136
245333
248238
250932
257946
283543
286347
286650
289555
290136
297655
304727
309636
350330
355239
365343
366042
368753
378857
379657
390645
391748
393550
395251
406432
413934
415837
436239
459453
462139
463040
469961
473952
492754
513130
518746
521331
522434
523032
524135
536647
540436
541943
552241
552544
555651
558657
559053
559457
562446
565452
578158
580650
581349
585862
601127
615441
615744
620434
626648
645450
657659
660951
673455
675661
677968
680452
685058
688569
693764
694362
701535
713239
715950
724446
731140
734247
749058
751550
757764
765864
770352
771354
784565
788674
789373
804646
815247
816653
822244
826353
826454
827052
828862
833148
837964
845458
852455
856968
857263
869472
871762
872562
873968
877269
880157
884064
889579
891667
894067
899885
901442
902242
904044
905147
911849
933253
942658
966975
969476
973770
978578
979984
984472
987074
987983
990366
991267
993675
996782